0.001  .18259E+14
0.001  .18151E+14
0.001  .18216E+14
0.001  .18230E+14
0.001  .18200E+14
0.005  .21475E+13
0.005  .21679E+13
0.005  .21596E+13
0.005  .21701E+13
0.005  .21731E+13
0.01  .63388E+12
0.01  .64016E+12
0.01  .63535E+12
0.01  .63446E+12
0.01  .63719E+12
0.02  .15310E+12
0.02  .15441E+12
0.02  .15317E+12
0.02  .15318E+12
0.02  .15421E+12
0.04  .30510E+11
0.04  .31150E+11
0.04  .31189E+11
0.04  .31171E+11
0.04  .30493E+11
0.07  .73968E+10
0.07  .74267E+10
0.07  .74217E+10
0.07  .73794E+10
0.07  .74162E+10
0.1  .27439E+10
0.1  .27178E+10
0.1  .27438E+10
0.1  .26835E+10
0.1  .26720E+10
0.2  .28101E+09
0.2  .28602E+09
0.2  .28514E+09
0.2  .28635E+09
0.2  .28620E+09
0.4  .13550E+08
0.4  .13522E+08
0.4  .13456E+08
0.4  .13498E+08
0.4  .13444E+08
0.7  .34826E+06
0.7  .34777E+06
0.7  .34179E+06
0.7  .34785E+06
0.7  .34788E+06
1.0  .22903E+05
1.0  .22708E+05
1.0  .22985E+05
1.0  .23006E+05
1.0  .22811E+05
1.5  .68062E+03
1.5  .67987E+03
1.5  .68212E+03
1.5  .68024E+03
1.5  .67855E+03
